25000.000000
50000.000000
70000.000000
75000.000000
80000.000000
100000.000000
125000.000000
150000.000000
175000.000000
200000.000000
225000.000000
250000.000000
275000.000000
300000.000000
350000.000000
400000.000000
450000.000000
500000.000000
550000.000000
600000.000000
630000.000000
670000.000000
680000.000000
700000.000000
750000.000000
800000.000000
900000.000000
1000000.000000
1100000.000000
1200000.000000
1300000.000000
1400000.000000
1500000.000000
1600000.000000
1700000.000000
1800000.000000
1900000.000000
2000000.000000
2100000.000000
2200000.000000
2300000.000000
2400000.000000
2500000.000000
2600000.000000
2700000.000000
2800000.000000
2890000.000000
