  0 1.00000 1.00000 1.00000  0
  1 0.00000 0.00000 0.00000 20
  2 0.00000 0.00000 0.00000  3
  3 1.00000 1.00000 1.00000  3
  4 0.01000 0.00000 0.00000 20
  5 1.00000 1.00000 0.00000 12
  8 0.00000 0.00000 0.00000 20
 13 0.00000 0.00000 0.00000 20
 21 0.00000 0.00000 0.00000 20
 22 0.00000 1.00000 0.00000  0
 23 1.00000 0.00000 0.00000 20
 24 1.00000 0.00000 0.00000 10
 25 0.00000 1.00000 0.00000  5
 26 0.00000 1.00000 0.00000  0
 27 0.00000 0.00000 0.00000 20
 28 1.00000 0.00000 0.00000  0
 32 1.00000 0.00000 0.00000  0
 51 0.00000 1.00000 0.00000  0
 52 1.00000 1.00000 0.00000  0
 53 1.00000 0.50000 0.00000  0
 54 1.00000 0.00000 0.00000  0
 98 0.80000 0.00000 0.00000  0
 99 0.90000 0.00000 0.00000  0
100 1.00000 0.00000 0.00000  0
101 1.00000 0.00000 0.00000 20
102 1.00000 1.00000 0.00000  0
163 0.40000 0.05000 0.00000  0
164 0.40000 0.05000 0.00000  0
165 0.40000 0.05000 0.00000  0
166 0.40000 0.05000 0.00000  0
167 0.40000 0.05000 0.00000  0
168 0.40000 0.05000 0.00000  0
169 0.40000 0.05000 0.00000  0
170 0.40000 0.05000 0.00000  0
171 0.40000 0.05000 0.00000  0
172 0.45000 0.10000 0.00000  0
173 0.54000 0.15000 0.00000  0
174 0.62000 0.19000 0.00000  0
175 0.68000 0.22000 0.00000  0
176 0.72000 0.25000 0.00000  0
177 0.76000 0.27000 0.00000  0
178 0.78000 0.35000 0.10000  0
179 0.80000 0.43000 0.20000  0
180 0.82000 0.51000 0.10000  1
181 0.84000 0.59000 0.00000  2
182 0.86000 0.67000 0.00000  3
183 0.88000 0.75000 0.00000  5
184 0.89000 0.80000 0.00000  7
185 0.60000 0.80000 1.00000  8
186 0.50000 0.70000 1.00000 10
187 0.40000 0.60000 0.95000 12
188 0.30000 0.55000 0.90000 14
189 0.20000 0.50000 0.85000 15
190 0.10000 0.45000 0.80000 16
191 0.06000 0.41000 0.75000 16
192 0.02000 0.37000 0.70000 16
193 0.00000 0.28000 0.65000 16
194 0.00000 0.20000 0.57000 16
195 0.00000 0.15000 0.50000 16
196 0.00000 0.10000 0.45000 16
197 0.00000 0.08000 0.40000 16
198 0.00000 0.06000 0.35000 16
199 0.00000 0.04000 0.30000 16
200 0.00000 0.04000 0.25000 16
204 0.50000 0.70000 0.50000  0
