      0.000
  22575.000
  45150.000
  67725.000
  90300.000
 112875.000
 135450.000
 158025.000
 180600.000
 203175.000
 225750.000
 248325.000
 270900.000
 293475.000
 316050.000
 338625.000
 361200.000
 383775.000
 406350.000
 428925.000
 451500.000
 474075.000
 496650.000
 519225.000
 541800.000
 564375.000
 586950.000
 609525.000
 632100.000
 654675.000
 677250.000
 699825.000
 722400.000
 744975.000
 767550.000
 790125.000
 812700.000
 835275.000
 857850.000
 880425.000
 903000.000
 925575.000
 948150.000
 970725.000
 993300.000
1015875.000
1038450.000
1061025.000
1083600.000
1106175.000
1128750.000
1151325.000
1173900.000
1196475.000
1219050.000
1241625.000
1264200.000
1286775.000
1309350.000
1331925.000
1354500.000
1377075.000
1399650.000
1422225.000
1444800.000
1467375.000
1489950.000
1512525.000
1535100.000
1557675.000
1580250.000
1602825.000
1625400.000
1647975.000
1670550.000
1693125.000
1715700.000
1738275.000
1760850.000
1783425.000
1806000.000
1828575.000
1851150.000
1873725.000
1896300.000
1918875.000
1941450.000
1964025.000
1986600.000
2009175.000
2031750.000
2054325.000
2076900.000
2099475.000
2122050.000
2144625.000
2167200.000
2189775.000
2212350.000
2234925.000
2257500.000
2280075.000
2302650.000
2325225.000
2347800.000
2370375.000
2392950.000
2415525.000
2438100.000
2460675.000
2483250.000
2505825.000
2528400.000
2550975.000
2573550.000
2596125.000
2618700.000
2641275.000
2663850.000
2686425.000
2709000.000
2731575.000
2754150.000
2776725.000
2799300.000
2821875.000
2844450.000
2867025.000
2889600.000